 Rotasjonene til knutepunktene
      Theta
   0.00000000       6.24262884E-06  -2.85698161E-06   2.86033151E-06  -2.57632081E-07   7.52463620E-06  -6.81843221E-06  -1.58960120E-05   5.64590209E-06   1.42849080E-06   9.35175194E-07  -3.21756431E-07  -4.67587597E-07  -4.25891767E-06   1.21111009E-06   0.00000000    
 Endemomenter [kNm]
    [KP1        KP2]
  -67.9988098       236.602371    
  -240.680832       328.574860    
   4.07846069       240.953369    
  -217.325165       133.693268    
  -23.6281815       302.915344    
  -144.773682       163.107269    
  -158.141663      -63.7422180    
  -226.257843      -39.8429298    
  -97.1387939      -91.9342346    
  -38.1693916       0.00000000    
  -237.218307       192.315887    
  -53.1871719      -30.0355625    
  -6.51891041      -7.01832628    
  -71.1730576       39.8429565    
   12.4939785       0.00000000    
  -218.602722       140.944489    
   13.7928524       2.59774709    
   4.42057896       16.3588982    
  -75.8657532      -37.9328766    
  -65.0787659      -16.3589020    
 Momenter ved utsatte knutePunkt
 [avstandKP1 (Moment ved utsatt punkt)]
   6.00000000      -34.4494019    
   9.00000000      -201.372162    
   6.00000000      -81.8125458    
   5.40000010      -185.764404    
   6.00000000      -50.4782410    
   9.00000000      -170.059525    
   6.00000000      -180.050278    
   0.00000000       226.257843    
   6.00000000      -61.0373192    
   6.00000000       19.0846958    
   10.0000000      -85.2329102    
   6.00000000       11.5758057    
   10.0000000     -0.249708176    
   6.00000000       55.5080070    
   6.00000000      -6.24698925    
   10.0000000      -120.226395    
   6.00000000      -5.59755230    
   10.0000000       5.96915913    
   6.00000000       18.9664383    
   6.00000000       24.3599319    
 Skjærkrefter [kNm]
    [Q12        Q21]
  -14.0502968      -14.0502968    
  -4.88300133      -4.88300133    
  -20.4193192      -20.4193192    
   74.6462173      -25.3537827    
  -23.2739315      -23.2739315    
  -1.01853263      -1.01853263    
   18.4903240       18.4903240    
   14.7833757       14.7833757    
   26.3626862       5.14948559    
   3.18078256       3.18078256    
   2.24512100       2.24512100    
   6.93522787       6.93522787    
  0.676861882      0.676861882    
   2.61084175       2.61084175    
  -1.04116488      -1.04116488    
   3.88291168       3.88291168    
  -1.36588335      -1.36588335    
  -1.03897381      -1.03897381    
   9.48321915       9.48321915    
   6.78647232       6.78647232    
 Boeyespenninger[MPa]
   [KP1        Midten      KP2]
  -53.4420166      -27.0746727       185.951904    
  -155.492249      -130.096817       212.276337    
   3.20536733      -64.2985840       189.371460    
  -140.403275      -120.013405       86.3727646    
  -18.5699959      -39.6721497       238.068970    
  -93.5312729      -109.867241       105.375725    
  -124.287605      -141.506149      -50.0966492    
  -146.174240       146.174240      -25.7405910    
  -76.3438797      -47.9707985      -72.2534866    
  -29.9983063       14.9991531       0.00000000    
  -153.255280      -55.0648651       124.245987    
  -41.8011665       9.09772396      -23.6057224    
  -4.21155310     -0.161324382      -4.53420162    
  -55.9367371       43.6251755       31.3136063    
   9.81933880      -4.90966940       0.00000000    
  -141.228653      -77.6724625       91.0574188    
   10.8401585      -4.39926100       2.04163647    
   2.85592246       3.85638523       10.5686932    
  -59.6248512       14.9062128      -29.8124256    
  -51.1470795       19.1450977      -12.8568811    
 Boyespenninger relativt til flytspenning i prosent
   [KP1  Midten  KP2]
   15.0540886       7.62666845       52.3808174    
   43.8006325       36.6469917       59.7961502    
  0.902920425       18.1122761       53.3440704    
   39.5502167       33.8065910       24.3303566    
   5.23098469       11.1752529       67.0616837    
   26.3468380       30.9485207       29.6833038    
   35.0105934       39.8608856       14.1117315    
   41.1758423       41.1758423       7.25087070    
   21.5053177       13.5129004       20.3530960    
   8.45022678       4.22511339       0.00000000    
   43.1705017       15.5112295       34.9988708    
   11.7749767       2.56273913       6.64949942    
   1.18635297       4.54434901E-02   1.27723992    
   15.7568274       12.2887821       8.82073402    
   2.76601100       1.38300550       0.00000000    
   39.7827187       21.8795681       25.6499767    
   3.05356574       1.23922849      0.575108886    
  0.804485202       1.08630574       2.97709656    
   16.7957325       4.19893312       8.39786625    
   14.4076271       5.39298534       3.62165689    
